10 15
  -45  -59   -6   -2   23  -46  -46   80   64   87   47   25   17   16   -1
  -18  -70  -54  -71  -30   12    6  -49    4   12  -24   25  -28    6  -19
   47  -29  -62  -10  -83  -51  -15   41   50   -4  -44   10  -23   -5   87
   62   -8  -49  -81   53   32   28  -24   28    2  -45   26   10   33  -67
  -46  -33   43   -6   53   -2   -9   86   28   14   71  -38   -6  -22    2
   -1  -25   15  -49   20  -59    0   27   75   36  -41   70   39   14   -7
   41  -13  -35   40  -48  -10   26  -23  -17  -69  -29    3  -82   57   51
   47  -52   71  -16   59   90   18  -40  -72   54   -2  -82   67   18   65
   18   16    6  -30    4   25  -11   22   16   -1    6   69  -65   78  -15
   -7    6   13   72  -83  -87  -23   23  -59    4   14  -12   52   33  -83

 surikiuotas 
  -87  -69  -49  -41  -25  -16   -7   -1    6   14   18   27   41   53   71
  -83  -67  -49  -40  -24  -15   -7   -1    6   14   20   28   41   54   71
  -83  -65  -49  -38  -24  -15   -6   -1    6   14   22   28   43   57   72
  -83  -62  -48  -35  -23  -13   -6    0    6   15   23   28   47   59   75
  -82  -59  -46  -33  -23  -12   -6    2    6   16   23   32   47   62   78
  -82  -59  -46  -30  -23  -11   -5    2   10   16   25   33   47   64   80
  -81  -59  -46  -30  -22  -10   -4    3   10   16   25   33   50   65   86
  -72  -54  -45  -29  -19  -10   -2    4   12   17   25   36   51   67   87
  -71  -52  -45  -29  -18   -9   -2    4   12   18   26   39   52   69   87
  -70  -51  -44  -28  -17   -8   -2    4   13   18   26   40   53   70   90
