4 5
-6 -26 40 63 -70 -47 11 0 64 28 88 -65 83 48 -85 -74 75 55 40 -93
20 97 -38 0 70 12 61 -33 -96 6 47 59 11 -46 48 70 -65 17 88 -77
67 23 -28 82 -42 -54 3 -65 22 79 -83 -93 -82 -90 39 83 37 -40 48 -84
13 -50 -24 15 79 93 -44 29 47 91 18 -88 14 84 42 5 -58 47 -32 50
73 -26 -94 -99 71 87 -95 -95 -88 74 -2 18 82 -29 -58 -12 13 66 -64 -53
19 -90 23 46 56 -56 -66 -25 84 92 96 -87 -95 51 -78 2 26 71 99 5
51 66 -62 31 23 24 50 -94 -11 -86 33 -99 6 -91 -64 -49 12 53 -75 89
75 32 -31 -15 -87 12 32 30 -35 -8 0 -38 -33 33 -40 -4 -8 93 -91 -14
-74 -58 -78 32 44 47 54 31 62 29 -14 21 -56 69 -58 6 -5 97 -50 -6
89 97 -28 5 -19 80 -25 -81 28 72 96 39 -5 66 -60 94 32 -2 -21 61
38 -36 77 79 -68 -83 -44 -70 21 -21 -37 94 -41 93 -36 -50 3 62 -73 -78
-45 -94 -75 -24 86 34 14 -57 -42 -60 -85 84 -24 -62 -34 93 -32 -81 -36 66
-89 62 -1 -3 -73 -5 79 89 -81 -25 -91 -88 71 53 -96 99 32 56 -74 49
48 -34 -56 -46 -34 -77 63 -67 -12 -79 70 -60 100 86 -100 84 69 26 92 -75
82 -14 57 6 -24 -19 7 -18 -26 -47 77 -63 72 91 -97 41 13 -29 -98 83
-42 -52 -31 -22 79 -58 -94 94 28 39 38 -31 19 -43 -88 26 -14 -89 -76 98
30 3 66 4 -57 -73 -73 -76 45 -99 -81 -91 -92 43 92 -33 13 26 -89 95
-63 35 -83 -52 -55 -48 -9 -79 55 -88 66 -89 91 47 -96 -15 -93 22 -2 -52
-83 98 19 39 -32 27 -75 -34 1 -75 34 100 -34 20 76 18 -1 -74 -81 -3
71 39 70 -6 -55 98 -4 76 8 -11 74 38 84 8 -18 -17 -6 -78 -79 -34
-5 61 -10 97 -59 -28 98 -44 -95 9 -35 -15 -32 31 -50 -64 59 9 83 87
-94 -3 100 89 78 87 -24 -84 76 -76 -33 -95 14 -46 -71 41 -49 37 46 60
-32 -57 1 -94 37 43 97 80 -14 0 -46 -51 52 -81 56 -48 90 -71 -100 91
3 -25 -3 80 -49 -93 3 64 -77 -63 92 -11 22 -35 -18 27 43 -52 73 -38
-66 -90 40 49 -82 90 -57 -37 -92 -7 -38 -2 -37 -92 60 -30 53 49 27 5
45 32 73 -3 69 -54 -3 -75 -80 -52 61 -95 -15 37 9 69 8 -24 -30 10
-61 -22 3 90 -30 -23 86 -61 42 48 20 -48 -89 69 -88 -84 -65 24 62 34
78 71 -3 -43 6 -76 -44 -59 -64 -36 -55 -37 -76 54 69 -92 -10 88 92 85
69 -73 97 97 55 -63 18 -38 -7 46 93 -62 -88 3 -83 -93 10 -65 19 42
-95 53 94 75 24 34 -24 82 -42 34 50 -67 -33 83 -72 -32 -15 -81 27 62
-8 -63 -92 17 -81 -68 -1 79 -35 79 -25 52 9 -27 17 57 0 41 47 -38
90 -38 74 -11 11 -33 46 -94 -91 96 86 -79 -49 -14 36 32 -73 7 -38 81
30 33 -54 -73 80 95 27 48 -59 -79 85 95 -23 75 -92 57 -66 82 44 -61
-94 -31 79 -11 36 -63 35 22 -58 -70 19 18 17 -39 94 -15 91 -1 -35 4
6 -87 91 3 88 -8 94 68 35 36 -25 -52 -66 95 88 71 38 -84 77 -19
-87 19 -22 47 -7 -33 32 11 20 56 -58 -33 59 17 -36 -65 51 34 -50 -50
62 9 -45 79 -76 -100 29 -68 -41 1 -15 5 -17 -39 -93 -16 -14 93 -34 40
-81 -54 -26 10 -72 -99 77 -81 -96 61 -86 36 -6 11 -94 35 -19 12 -4 75
-26 2 -33 9 80 85 -10 -73 2 87 -55 -20 42 35 -35 -43 -92 -77 69 -53
-23 -90 -84 -86 97 90 -62 -46 61 -100 99 10 -11 49 -84 65 96 92 35 24
-86 31 100 -49 40 11 -40 -13 80 -28 -26 -81 62 21 -22 -75 -25 -80 20 -81
3 -10 -93 88 61 -3 77 -54 -49 -87 84 40 90 18 -95 83 -45 -95 -40 90
-60 -72 56 60 36 -69 65 10 -5 -91 -88 -30 42 23 52 41 94 -34 7 -65
-38 55 9 -74 85 -80 94 -51 -13 -27 -80 72 -40 18 8 -17 -63 -25 60 5
-48 -85 -74 82 20 -58 -24 91 -92 -98 -44 -60 29 28 -1 -49 -14 -52 13 -24
-27 -74 -18 -41 18 30 -62 32 32 -1 66 -67 70 72 95 -61 31 -38 18 79
-71 -92 -7 -37 13 37 79 -10 11 17 -47 26 -95 69 79 26 88 0 77 -94
-75 74 -31 96 -85 -12 -44 47 -23 93 -28 -82 -58 -25 -18 -15 -89 89 28 46
46 -66 -76 -49 -47 89 -5 -59 -44 38 47 -31 -11 55 55 8 37 -29 -54 36
-24 61 41 -24 15 56 -9 31 32 67 78 53 -15 29 96 67 -77 96 53 -14