22 14
  -25  -55   61  -32   36  -34   75   19   32   71   71    1    6    5
  -20   35  -40  -74    8   25  -38    7    1  -16   20   91   38  -13
   67   32  -10   -3   12   14   11   80  -31  -40    2  -29  -46   22
  -27  -44  -73  -19   20  -39  -43  -25   41   10   -8   37  -15   17
   58   46   40   30  -44  -24   33    7  -53    7  -71  -82  -32   71
   71  -24    9  -58  -32  -36  -51  -67   -8  -20   -8  -66   96   36
   23   32  -43    9   -7   47   15   -2   39   70   19   47  -62    9
   36   -7   51  -57   -4  -30   13   30   67   16   46   23   -3   44
  -44  -47   -5  -53    7    0    3  -28   37   -8   38  -12   24   36
  -24  -64  -17  -26   56   20    8   19  -10   -8  -62  -76  -25   50
  -50  -26   68  -55  -55  -19   27  -73   32  -15    2  -29  -30  -50
   15  -37  -27    3    7  -71  -60   14  -52   12  -79   41    5   12
   31   23  -69  -11   32   14   67    4  -13   37  -47  -47   83   -5
   69   47   36   57  -44  -14   -5   -5   75  -53   38  -84    2  -50
  -52  -16  -47  -96   37   -5   14   69   27  -32  -73   39   42  -61
   -8   38  -54    6  -47   40  -21   10   -1  -14   22  -59  -20   47
  -26   30    9   13    4  -41  -46    6   69   40  -39   14   39   -7
   49  -58    6   70  -29   -2  -59   63   71  -81  -56  -21   51  -40
   27   -4   18   52   39  -58   25   13  -24  -28  -47  -11  -66  -43
   14   24    3  -16  -37  -33   38   50  -21   10  -14  -28    6  -10
    5   30   20   38  -56  -13  -43   45   -5   34  -94  -35   18    1
    0  -43  -53   16  -26   30   57   32    3  -31    1  -40  -59  -14

 surikiuotas 
  -96  -94  -84  -82  -81  -79  -76  -74  -73  -73  -73  -71  -71  -69
  -67  -66  -66  -64  -62  -62  -61  -60  -59  -59  -59  -58  -58  -58
  -57  -56  -56  -55  -55  -55  -54  -53  -53  -53  -53  -52  -52  -51
  -50  -50  -50  -47  -47  -47  -47  -47  -47  -46  -46  -44  -44  -44
  -44  -43  -43  -43  -43  -43  -41  -40  -40  -40  -40  -39  -39  -38
  -37  -37  -36  -35  -34  -33  -32  -32  -32  -32  -31  -31  -30  -30
  -29  -29  -29  -28  -28  -28  -27  -27  -26  -26  -26  -26  -25  -25
  -25  -24  -24  -24  -24  -21  -21  -21  -20  -20  -20  -19  -19  -17
  -16  -16  -16  -15  -15  -14  -14  -14  -14  -13  -13  -13  -12  -11
  -11  -10  -10  -10   -8   -8   -8   -8   -8   -8   -7   -7   -7   -5
   -5   -5   -5   -5   -5   -4   -4   -3   -3   -2   -2   -1    0    0
    1    1    1    1    2    2    2    3    3    3    3    4    4    5
    5    5    6    6    6    6    6    7    7    7    7    7    8    8
    9    9    9    9   10   10   10   11   12   12   12   13   13   13
   14   14   14   14   14   14   15   15   16   16   17   18   18   19
   19   19   20   20   20   20   22   22   23   23   23   24   24   25
   25   27   27   27   30   30   30   30   30   31   32   32   32   32
   32   32   33   34   35   36   36   36   36   36   37   37   37   37
   38   38   38   38   38   38   39   39   39   39   40   40   40   41
   41   42   44   45   46   46   47   47   47   47   49   50   50   51
   51   52   56   57   57   58   61   63   67   67   67   68   69   69
   69   70   70   71   71   71   71   71   75   75   80   83   91   96
