21 14
  -49   67    7  -21  -43   -2    2  -31   34  -52   70  -33   73   47
   30  -78   -5   80   48   60   -4  -77   91   16  -11   21  -92  -34
  -30   13   16   52   40  -19  -22   12   31  -19  -39    9   -7   13
    2   27   20  -10  -19   -5  -54   17   50  -12    0  -51   23   55
  -42   40   31    9   12   34   -3   -5  -54   11  -78   19  -18  -39
    4    0   12    2   76  -18   48   45   10   44   24   37  -59  -87
  -62  -48    4   12   28   12   39   29  -85  -28   11   10  -26   79
   -8   -6   38  -55  -25   63   21   -7   -5   12    6  -27   75   11
   33  -37    8  -33  -63  -25   11  -22  -45  -24   67  -25  -38  -10
   51  -25   27   35   69   43    0  -17  -48   -9  -62  -52  -42   72
   41  -26    5    6  -84   82   37   50    0   31  -14  -20   28  -65
  -50   32    4  -46  -56  -39   12  -33  -23   28   30  -14   78  -60
   21   45  -30  -59   64  -27   -8    3    9   45   11  -38  -11  -31
  -26  -24  -32   -6  -43   53  -51  -46   50  -24  -62   34   -2  -17
  -75  -66   -3  -29  -38  -50   64    2   28  -32  -36    8  -51  -58
   49    4   -2   -5  -16  -80  -65  -79   56   13   16   56   28    0
   41  -15  -50   42   17  -29  -47  -62   10    1   11  -91  -22  -16
  -18  -69   16  -40  -63  -27  -35   -6   -5  -90   82  -77  -18  -67
  -48  -77    8  -67  -37  -58   21  -61   39    8  -14   38  -40   36
   42   73  -73  -12    4  -54   11  -81   -6   36   48  -25   14   33
  -33   69    4   64  -63   46   12  -10  -61  -41  -40  -27   84   27

 surikiuotas 
  -92  -91  -90  -87  -85  -84  -81  -80  -79  -78  -78  -77  -77  -77
  -75  -73  -69  -67  -67  -66  -65  -65  -63  -63  -63  -62  -62  -62
  -62  -61  -61  -60  -59  -59  -58  -58  -56  -55  -54  -54  -54  -52
  -52  -51  -51  -51  -50  -50  -50  -49  -48  -48  -48  -47  -46  -46
  -45  -43  -43  -42  -42  -41  -40  -40  -40  -39  -39  -39  -38  -38
  -38  -37  -37  -36  -35  -34  -33  -33  -33  -33  -32  -32  -31  -31
  -30  -30  -29  -29  -28  -27  -27  -27  -27  -26  -26  -26  -25  -25
  -25  -25  -25  -24  -24  -24  -23  -22  -22  -22  -21  -20  -19  -19
  -19  -18  -18  -18  -18  -17  -17  -16  -16  -15  -14  -14  -14  -12
  -12  -11  -11  -10  -10  -10   -9   -8   -8   -7   -7   -6   -6   -6
   -6   -5   -5   -5   -5   -5   -5   -4   -3   -3   -2   -2   -2    0
    0    0    0    0    1    2    2    2    2    3    4    4    4    4
    4    4    5    6    6    7    8    8    8    8    9    9    9   10
   10   10   11   11   11   11   11   11   11   12   12   12   12   12
   12   12   12   13   13   13   14   16   16   16   16   17   17   19
   20   21   21   21   21   23   24   27   27   27   28   28   28   28
   28   29   30   30   31   31   31   32   33   33   34   34   34   35
   36   36   37   37   38   38   39   39   40   40   41   41   42   42
   43   44   45   45   45   46   47   48   48   48   49   50   50   50
   51   52   53   55   56   56   60   63   64   64   64   67   67   69
   69   70   72   73   73   75   76   78   79   80   82   82   84   91
