13 23
   -4  -29   -1  -36   17   54   -6   52    5    7  -22   38   39   51  -49   12  -71  -53  -51   24  -16   -5  -13
  -15   69    7  -15  -13   61   11   -4  -57  -32   90   20   72   34   11   54   -1   11   42   69   57  -27   36
   40   31  -48   89   10   71  -25   34  -14   16  -10    8   23  -18  -23  -41   28   -4   25  -12   23   33  -61
   37  -12  -40  -26  -46   38  -55  -40   29   55   14   51  -40  -14   82  -36  -60  -25   11  -82   -1   62   76
   15    7  -10   63   39   45   -4  -49   33  -24  -62   22   21   15  -49  -13  -17   -4   54    3    4  -20   -3
  -13  -19  -42   -9   -5  -16   50  -27   -8   54   48   40  -22   82  -45  -16  -46  -51  -59  -18  -23   37   -3
  -23  -70   25   31   63  -59   49    2  -72   56   59   64  -19   -7    7   -1  -10    9    9  -18   75  -13  -38
    3   46  -22  -18   10   -2   16  -22    4  -48  -43  -37   29  -24   32   24  -20  -35   19   62   40   56   31
   11  -52  -85   11   -7  -31  -17   32   50   76   29  -76  -73  -71   28   64    4   72  -24  -47  -19  -46   55
  -12   35  -96   26   47  -14  -71   92   -2   15   35   82   81   23    5   -3   19  -48   -6   20  -11   22  -24
   14  -18  -65  -27   21   34   25    0  -41  -83   55  -44   28  -33   31   47   32   54   13   -2  -70    2   45
   87    6   22  -25  -24    5  -60   26   32  -31   25  -36  -25   19  -16  -22   -4  -52   90   25  -39   -9   17
   -6    2  -46   24  -76  -25   54   58  -28  -27    6  -49  -41   49   35  -55  -30  -26    1  -15  -60  -50    6

 Visu masyvo elementu suma = 580