  -6  -26   40   63  -70  -47   11    0   64   28   88  -65   83   48  -85  -74   75   55   40  -93   20   97  -38    0   70 
  12   61  -33  -96    6   47   59   11  -46   48   70  -65   17   88  -77   67   23  -28   82  -42  -54    3  -65   22   79 
 -83  -93  -82  -90   39   83   37  -40   48  -84   13  -50  -24   15   79   93  -44   29   47   91   18  -88   14   84   42 
   5  -58   47  -32   50   73  -26  -94  -99   71   87  -95  -95  -88   74   -2   18   82  -29  -58  -12   13   66  -64  -53 
  19  -90   23   46   56  -56  -66  -25   84   92   96  -87  -95   51  -78    2   26   71   99    5   51   66  -62   31   23 
  24   50  -94  -11  -86   33  -99    6  -91  -64  -49   12   53  -75   89   75   32  -31  -15  -87   12   32   30  -35   -8 
   0  -38  -33   33  -40   -4   -8   93  -91  -14  -74  -58  -78   32   44   47   54   31   62   29  -14   21  -56   69  -58 
   6   -5   97  -50   -6   89   97  -28    5  -19   80  -25  -81   28   72   96   39   -5   66  -60   94   32   -2  -21   61 
  38  -36   77   79  -68  -83  -44  -70   21  -21  -37   94  -41   93  -36  -50    3   62  -73  -78  -45  -94  -75  -24   86 
  34   14  -57  -42  -60  -85   84  -24  -62  -34   93  -32  -81  -36   66  -89   62   -1   -3  -73   -5   79   89  -81  -25 
 -91  -88   71   53  -96   99   32   56  -74   49   48  -34  -56  -46  -34  -77   63  -67  -12  -79   70  -60  100   86 -100 
  84   69   26   92  -75   82  -14   57    6  -24  -19    7  -18  -26  -47   77  -63   72   91  -97   41   13  -29  -98   83 
 -42  -52  -31  -22   79  -58  -94   94   28   39   38  -31   19  -43  -88   26  -14  -89  -76   98   30    3   66    4  -57 
 -73  -73  -76   45  -99  -81  -91  -92   43   92  -33   13   26  -89   95  -63   35  -83  -52  -55  -48   -9  -79   55  -88 
  66  -89   91   47  -96  -15  -93   22   -2  -52  -83   98   19   39  -32   27  -75  -34    1  -75   34  100  -34   20   76 
  18   -1  -74  -81   -3   71   39   70   -6  -55   98   -4   76    8  -11   74   38   84    8  -18  -17   -6  -78  -79  -34 
  -5   61  -10   97  -59  -28   98  -44  -95    9  -35  -15  -32   31  -50  -64   59    9   83   87  -94   -3  100   89   78 
  87  -24  -84   76  -76  -33  -95   14  -46  -71   41  -49   37   46   60  -32  -57    1  -94   37   43   97   80  -14    0 
 -46  -51   52  -81   56  -48   90  -71 -100   91    3  -25   -3   80  -49  -93    3   64  -77  -63   92  -11   22  -35  -18 
  27   43  -52   73  -38  -66  -90   40   49  -82   90  -57  -37  -92   -7  -38   -2  -37  -92   60  -30   53   49   27    5 
  45   32   73   -3   69  -54   -3  -75  -80  -52   61  -95  -15   37    9   69    8  -24  -30   10  -61  -22    3   90  -30 
 -23   86  -61   42   48   20  -48  -89   69  -88  -84  -65   24   62   34   78   71   -3  -43    6  -76  -44  -59  -64  -36 
 -55  -37  -76   54   69  -92  -10   88   92   85   69  -73   97   97   55  -63   18  -38   -7   46   93  -62  -88    3  -83 
 -93   10  -65   19   42  -95   53   94   75   24   34  -24   82  -42   34   50  -67  -33   83  -72  -32  -15  -81   27   62 
  -8  -63  -92   17  -81  -68   -1   79  -35   79  -25   52    9  -27   17   57    0   41   47  -38   90  -38   74  -11   11 
 -33   46  -94  -91   96   86  -79  -49  -14   36   32  -73    7  -38   81   30   33  -54  -73   80   95   27   48  -59  -79 
  85   95  -23   75  -92   57  -66   82   44  -61  -94  -31   79  -11   36  -63   35   22  -58  -70   19   18   17  -39   94 
 -15   91   -1  -35    4    6  -87   91    3   88   -8   94   68   35   36  -25  -52  -66   95   88   71   38  -84   77  -19 
 -87   19  -22   47   -7  -33   32   11   20   56  -58  -33   59   17  -36  -65   51   34  -50  -50   62    9  -45   79  -76 
-100   29  -68  -41    1  -15    5  -17  -39  -93  -16  -14   93  -34   40  -81  -54  -26   10  -72  -99   77  -81  -96   61 
